0 2
1 1
2 3
3 4
4 7
5 11
6 18
7 29
8 47
9 76
10 123
11 199
12 322
13 521
14 843
15 1364
16 2207
17 3571
18 5778
19 9349
20 15127
21 24476
22 39603
23 64079
24 103682
25 167761
26 271443
27 439204
28 710647
29 1149851
30 1860498
31 3010349
32 4870847
33 7881196
34 12752043
35 20633239
36 33385282
37 54018521
38 87403803
39 141422324
40 228826127
41 370248451
42 599074578
43 969323029
44 1568397607
45 2537720636
46 4106118243
47 6643838879
48 10749957122
49 17393796001
50 28143753123
51 45537549124
52 73681302247
53 119218851371
54 192900153618
55 312119004989
56 505019158607
57 817138163596
58 1322157322203
59 2139295485799
60 3461452808002
61 5600748293801
62 9062201101803
63 14662949395604
64 23725150497407
65 38388099893011
66 62113250390418
67 100501350283429
68 162614600673847
69 263115950957276
70 425730551631123
71 688846502588399
72 1114577054219522
73 1803423556807921
74 2918000611027443
75 4721424167835364
76 7639424778862807
77 12360848946698171
78 20000273725560978
79 32361122672259149
80 52361396397820127
81 84722519070079276
82 137083915467899403
83 221806434537978679
84 358890350005878082
85 580696784543856761
86 939587134549734843
87 1520283919093591604
88 2459871053643326447
89 3980154972736918051
90 6440026026380244498
91 10420180999117162549
92 16860207025497407047
93 27280388024614569596
94 44140595050111976643
95 71420983074726546239
96 115561578124838522882
97 186982561199565069121
98 302544139324403592003
99 489526700523968661124
100 792070839848372253127
